%YAML:1.0
---
K: !!opencv-matrix
   rows: 3
   cols: 3
   dt: d
   data: [ 6.0238946520817763e+02, 0., 6.2298871753760784e+02, 0.,
       6.0254875521164138e+02, 3.4585220040720657e+02, 0., 0., 1. ]
D: !!opencv-matrix
   rows: 4
   cols: 1
   dt: d
   data: [ 3.0313525900549559e-02, 8.7327182876169654e-02,
       -1.0016057998575524e-01, 3.9643949757508304e-02 ]
