%YAML:1.0
---
K: !!opencv-matrix
   rows: 3
   cols: 3
   dt: d
   data: [ 6.0347415989496983e+02, 0., 6.3238122830742225e+02, 0.,
       6.0410651786616847e+02, 3.6603847435672759e+02, 0., 0., 1. ]
D: !!opencv-matrix
   rows: 4
   cols: 1
   dt: d
   data: [ 3.6362399498061505e-02, 4.6675374490761999e-02,
       -1.4225309558638962e-02, -1.6459053878248087e-02 ]
