%YAML:1.0
---
K: !!opencv-matrix
   rows: 3
   cols: 3
   dt: d
   data: [ 1.0236422204660714e+03, 0., 6.4261061913591629e+02, 0.,
       1.0230348266012526e+03, 3.9522397445668946e+02, 0., 0., 1. ]
D: !!opencv-matrix
   rows: 4
   cols: 1
   dt: d
   data: [ -9.2858221845268634e-03, 3.7100832325188804e-01,
       -7.9507420743882051e-01, 3.6431707987631035e-01 ]
