%YAML:1.0
---
K: !!opencv-matrix
   rows: 3
   cols: 3
   dt: d
   data: [ 3.6040927160299111e+02, 0., 3.0187751545047860e+02, 0.,
       3.6028942274194640e+02, 2.3885398669478369e+02, 0., 0., 1. ]
D: !!opencv-matrix
   rows: 4
   cols: 1
   dt: d
   data: [ 4.8637204737856155e-02, 3.6747793447605370e-02,
       -4.7052932079732331e-02, 2.8048698324586539e-02 ]
