%YAML:1.0
---
K: !!opencv-matrix
   rows: 3
   cols: 3
   dt: d
   data: [ 9.0751315437396988e+02, 0., 6.0073705977594636e+02, 0.,
       9.0694740430599575e+02, 3.4818649834015054e+02, 0., 0., 1. ]
D: !!opencv-matrix
   rows: 4
   cols: 1
   dt: d
   data: [ 4.3690945604489134e-03, 3.6331713844965879e-01,
       -1.0512375098665685e+00, 1.0689045968032889e+00 ]
