%YAML:1.0
---
K: !!opencv-matrix
   rows: 3
   cols: 3
   dt: d
   data: [ 1.0158614392098428e+03, 0., 6.0279957942572889e+02, 0.,
       1.0161843591038131e+03, 3.5466952735486399e+02, 0., 0., 1. ]
D: !!opencv-matrix
   rows: 4
   cols: 1
   dt: d
   data: [ -7.8075782847426131e-03, 5.4596073847181248e-01,
       -2.0578354880744194e+00, 2.6631251465385057e+00 ]
