%YAML:1.0
---
K: !!opencv-matrix
   rows: 3
   cols: 3
   dt: d
   data: [ 9.0751313676566474e+02, 0., 6.0073708404759520e+02, 0.,
       9.0694738799536378e+02, 3.4818650998515841e+02, 0., 0., 1. ]
D: !!opencv-matrix
   rows: 4
   cols: 1
   dt: d
   data: [ 4.3691159263366773e-03, 3.6331771235612642e-01,
       -1.0512407279799614e+00, 1.0689089172379798e+00 ]
